789370909	Loaded_Language	3212	3231
789370909	Loaded_Language	11058	11070
789370909	Exaggeration,Minimisation	2009	2030
789370909	Exaggeration,Minimisation	10444	10485
789370909	Loaded_Language	53	78
789370909	Loaded_Language	459	491
789370909	Name_Calling,Labeling	1894	1919
789370909	Slogans	2148	2171
789370909	Loaded_Language	4056	4071
789370909	Repetition	4416	4439
789370909	Loaded_Language	4736	4756
789370909	Name_Calling,Labeling	6861	6881
789370909	Name_Calling,Labeling	8063	8083
789370909	Slogans	8985	9015
789370909	Name_Calling,Labeling	9255	9271
789370909	Causal_Oversimplification	9306	9433
789370909	Repetition	9840	9870
789370909	Repetition	11722	11746
789370909	Slogans	11848	11871
789370909	Loaded_Language	11837	11843
789370909	Doubt	5762	5843
789370909	Doubt	5939	6056
789370909	Doubt	7380	7572
789370909	Doubt	8517	8597
789370909	Appeal_to_Authority	9135	9210
789370909	Flag-Waving	10867	10940
789370909	Flag-Waving	11625	11705
