764664283	Loaded_Language	3743	3755
764664283	Loaded_Language	3925	3946
764664283	Loaded_Language	5615	5622
764664283	Loaded_Language	6383	6393
764664283	Loaded_Language	7391	7405
764664283	Loaded_Language	1394	1405
764664283	Loaded_Language	3760	3770
764664283	Loaded_Language	7045	7053
764664283	Loaded_Language	7236	7278
764664283	Loaded_Language	7255	7278
764664283	Loaded_Language	451	476
764664283	Loaded_Language	1184	1205
764664283	Loaded_Language	4110	4131
764664283	Loaded_Language	5538	5571
764664283	Loaded_Language	5580	5596
764664283	Loaded_Language	6058	6108
764664283	Loaded_Language	7568	7635
764664283	Causal_Oversimplification	125	303
764664283	Causal_Oversimplification	7720	7854
764664283	Causal_Oversimplification	2529	2664
764664283	Name_Calling,Labeling	0	34
764664283	Name_Calling,Labeling	3496	3521
764664283	Name_Calling,Labeling	7337	7367
764664283	Name_Calling,Labeling	1364	1383
764664283	Name_Calling,Labeling	468	476
764664283	Appeal_to_fear-prejudice	463	476
764664283	Appeal_to_fear-prejudice	1546	1577
764664283	Appeal_to_fear-prejudice	5196	5228
764664283	Exaggeration,Minimisation	1092	1128
764664283	Exaggeration,Minimisation	2413	2426
764664283	Exaggeration,Minimisation	2250	2287
764664283	Exaggeration,Minimisation	4063	4098
764664283	Exaggeration,Minimisation	5611	5631
764664283	Exaggeration,Minimisation	5776	5806
764664283	Black-and-White_Fallacy	2529	2664
764664283	Black-and-White_Fallacy	5285	5372
764664283	Repetition	5502	5537
764664283	Doubt	5538	5571
764664283	Doubt	6960	7008
764664283	Doubt	1636	1722
764664283	Doubt	2666	2747
764664283	Doubt	2749	2895
764664283	Doubt	3624	3714
764664283	Doubt	591	698
764664283	Doubt	872	960
764664283	Doubt	2150	2287
764664283	Doubt	4314	4389
764664283	Doubt	7229	7292
764664283	Doubt	1481	1634
764664283	Doubt	1928	1964
764664283	Doubt	5676	5823
764664283	Whataboutism,Straw_Men,Red_Herring	3535	3591
764664283	Bandwagon,Reductio_ad_hitlerum	5825	5894
