788816478	Loaded_Language	162	178
788816478	Loaded_Language	501	535
788816478	Loaded_Language	652	687
788816478	Name_Calling,Labeling	1916	1944
788816478	Loaded_Language	5528	5563
788816478	Appeal_to_Authority	5942	6075
788816478	Loaded_Language	6484	6503
788816478	Loaded_Language	1981	2023
788816478	Doubt	4739	4766
788816478	Doubt	331	373
788816478	Causal_Oversimplification	446	635
788816478	Name_Calling,Labeling	1950	1980
788816478	Name_Calling,Labeling	3805	3827
788816478	Name_Calling,Labeling	4272	4284
788816478	Loaded_Language	4413	4427
788816478	Doubt	4563	4604
788816478	Loaded_Language	4579	4604
788816478	Loaded_Language	4754	4766
788816478	Causal_Oversimplification	5330	5403
788816478	Loaded_Language	5587	5622
788816478	Loaded_Language	6657	6696
788816478	Name_Calling,Labeling	4589	4604
