776049384	Name_Calling,Labeling	618	632
776049384	Exaggeration,Minimisation	2199	2232
776049384	Slogans	10722	10735
776049384	Loaded_Language	9139	9151
776049384	Loaded_Language	213	219
776049384	Repetition	1069	1080
776049384	Repetition	1158	1169
776049384	Repetition	1302	1313
776049384	Repetition	1401	1412
776049384	Repetition	1510	1521
776049384	Repetition	1648	1659
776049384	Repetition	1730	1741
776049384	Repetition	1968	1979
776049384	Repetition	2047	2058
776049384	Repetition	4242	4253
776049384	Name_Calling,Labeling	493	501
776049384	Repetition	1442	1450
776049384	Repetition	1552	1560
776049384	Repetition	1692	1700
776049384	Repetition	1928	1936
776049384	Repetition	2014	2022
776049384	Repetition	2079	2087
776049384	Repetition	5626	5634
776049384	Repetition	2165	2173
776049384	Loaded_Language	2406	2416
776049384	Loaded_Language	3569	3579
776049384	Loaded_Language	3660	3666
776049384	Loaded_Language	4068	4072
776049384	Loaded_Language	4597	4608
776049384	Loaded_Language	5708	5730
776049384	Loaded_Language	10077	10084
776049384	Slogans	10637	10672
776049384	Slogans	10674	10720
776049384	Loaded_Language	62	87
776049384	Name_Calling,Labeling	158	178
776049384	Slogans	2292	2309
776049384	Slogans	2330	2347
776049384	Loaded_Language	3211	3235
776049384	Name_Calling,Labeling	3764	3772
776049384	Name_Calling,Labeling	4470	4486
776049384	Loaded_Language	5003	5046
776049384	Loaded_Language	6079	6086
776049384	Slogans	7146	7169
776049384	Loaded_Language	8954	8962
776049384	Repetition	9089	9097
776049384	Loaded_Language	10215	10228
776049384	Appeal_to_fear-prejudice	10276	10313
