730149656	Repetition	3428	3433
730149656	Repetition	3486	3491
730149656	Loaded_Language	5251	5267
730149656	Loaded_Language	3017	3025
730149656	Repetition	3526	3531
730149656	Loaded_Language	216	220
730149656	Loaded_Language	225	241
730149656	Loaded_Language	1742	1762
730149656	Name_Calling,Labeling	2379	2395
730149656	Name_Calling,Labeling	2639	2680
730149656	Repetition	3371	3376
730149656	Black-and-White_Fallacy	4647	4905
730149656	Name_Calling,Labeling	7	20
730149656	Causal_Oversimplification	306	398
730149656	Causal_Oversimplification	1493	1574
730149656	Slogans	3070	3104
730149656	Slogans	3832	3846
730149656	Slogans	3851	3868
730149656	Flag-Waving	5049	5068
730149656	Appeal_to_fear-prejudice	5147	5185
