111111122	Loaded_Language	24	49
111111122	Exaggeration,Minimisation	170	205
111111122	Loaded_Language	343	356
111111122	Doubt	449	477
111111122	Doubt	888	956
111111122	Name_Calling,Labeling	902	919
111111122	Doubt	1475	1522
111111122	Loaded_Language	1636	1655
111111122	Loaded_Language	3210	3224
111111122	Doubt	3413	3440
111111122	Exaggeration,Minimisation	3489	3519
111111122	Doubt	3991	4046
111111122	Loaded_Language	4449	4468
111111122	Name_Calling,Labeling	5027	5059
111111122	Loaded_Language	5131	5140
111111122	Appeal_to_Authority	5529	5653
111111122	Loaded_Language	5778	5797
111111122	Causal_Oversimplification	5840	5921
111111122	Loaded_Language	5950	5981
111111122	Loaded_Language	6441	6451
111111122	Name_Calling,Labeling	6839	6868
