727569885	Flag-Waving	1061	1142
727569885	Name_Calling,Labeling	1177	1196
727569885	Name_Calling,Labeling	1255	1271
727569885	Loaded_Language	191	204
727569885	Loaded_Language	530	576
727569885	Loaded_Language	5947	5999
727569885	Loaded_Language	6016	6030
727569885	Loaded_Language	3630	3662
727569885	Loaded_Language	1548	1564
727569885	Loaded_Language	1642	1690
727569885	Loaded_Language	2016	2048
727569885	Loaded_Language	2843	2860
727569885	Loaded_Language	2869	2884
727569885	Flag-Waving	4545	4619
727569885	Loaded_Language	5879	5900
727569885	Bandwagon,Reductio_ad_hitlerum	559	576
727569885	Name_Calling,Labeling	2600	2618
727569885	Loaded_Language	3312	3328
727569885	Loaded_Language	3914	3949
727569885	Loaded_Language	5156	5170
