721890296	Repetition	1322	1337
721890296	Loaded_Language	2109	2257
721890296	Loaded_Language	5173	5238
721890296	Name_Calling,Labeling	4429	4451
721890296	Name_Calling,Labeling	70	87
721890296	Appeal_to_Authority	48	87
721890296	Repetition	71	87
721890296	Repetition	168	183
721890296	Repetition	260	275
721890296	Repetition	883	898
721890296	Repetition	3895	3910
721890296	Repetition	4486	4501
721890296	Repetition	4661	4676
721890296	Repetition	4764	4779
721890296	Appeal_to_Authority	1825	1854
721890296	Exaggeration,Minimisation	2934	2986
721890296	Repetition	3053	3061
721890296	Appeal_to_Authority	3427	3477
721890296	Exaggeration,Minimisation	3501	3539
721890296	Loaded_Language	5013	5164
721890296	Thought-terminating_Cliches	5165	5172
721890296	Loaded_Language	759	790
721890296	Flag-Waving	4122	4385
721890296	Loaded_Language	25	46
721890296	Loaded_Language	560	579
721890296	Loaded_Language	2091	2105
721890296	Black-and-White_Fallacy	2456	2567
721890296	Loaded_Language	2817	2860
721890296	Flag-Waving	3616	3643
721890296	Appeal_to_fear-prejudice	3541	3614
721890296	Repetition	3645	3662
721890296	Repetition	3682	3702
721890296	Flag-Waving	3914	3947
721890296	Flag-Waving	4020	4064
721890296	Repetition	4900	4918
721890296	Appeal_to_fear-prejudice	4923	5011
721890296	Appeal_to_fear-prejudice	5032	5058
721890296	Name_Calling,Labeling	5131	5162
