999001033	Repetition	1245	1274
999001033	Loaded_Language	1392	1426
999001033	Repetition	2460	2484
999001033	Doubt	537	662
999001033	Doubt	827	872
999001033	Exaggeration,Minimisation	1114	1224
999001033	Loaded_Language	1287	1311
999001033	Repetition	1445	1466
999001033	Repetition	1473	1488
999001033	Doubt	3140	3262
999001033	Name_Calling,Labeling	3224	3245
999001033	Loaded_Language	3560	3615
999001033	Name_Calling,Labeling	3735	3747
999001033	Appeal_to_fear-prejudice	537	615
999001033	Loaded_Language	939	967
999001033	Loaded_Language	3713	3724
