758386255	Loaded_Language	1495	1500
758386255	Repetition	5097	5105
758386255	Repetition	5358	5366
758386255	Repetition	5826	5834
758386255	Loaded_Language	28609	28626
758386255	Exaggeration,Minimisation	1142	1150
758386255	Exaggeration,Minimisation	1989	2006
758386255	Bandwagon,Reductio_ad_hitlerum	3706	3741
758386255	Whataboutism,Straw_Men,Red_Herring	5290	5304
758386255	Exaggeration,Minimisation	5453	5484
758386255	Exaggeration,Minimisation	5615	5635
758386255	Exaggeration,Minimisation	5793	5802
758386255	Black-and-White_Fallacy	6137	6178
758386255	Loaded_Language	6525	6554
758386255	Exaggeration,Minimisation	7833	7925
758386255	Loaded_Language	8445	8450
758386255	Loaded_Language	8371	8378
758386255	Exaggeration,Minimisation	8386	8406
758386255	Repetition	8536	8544
758386255	Repetition	8642	8650
758386255	Repetition	8722	8730
758386255	Repetition	8915	8925
758386255	Repetition	8818	8826
758386255	Repetition	8947	8955
758386255	Repetition	9428	9436
758386255	Repetition	9484	9492
758386255	Repetition	9348	9356
758386255	Repetition	9544	9552
758386255	Repetition	9735	9745
758386255	Repetition	9779	9787
758386255	Repetition	9847	9855
758386255	Repetition	9954	9962
758386255	Repetition	10366	10374
758386255	Repetition	10166	10174
758386255	Repetition	27083	27093
758386255	Repetition	26689	26697
758386255	Repetition	26295	26303
758386255	Repetition	26487	26497
758386255	Repetition	17050	17060
758386255	Repetition	15781	15789
758386255	Repetition	14415	14425
758386255	Repetition	13799	13807
758386255	Repetition	13741	13749
758386255	Repetition	12732	12740
758386255	Repetition	12171	12179
758386255	Repetition	12607	12615
758386255	Repetition	10819	10827
758386255	Repetition	10607	10617
758386255	Loaded_Language	15128	15143
758386255	Repetition	16657	16665
758386255	Loaded_Language	28048	28053
758386255	Name_Calling,Labeling	30476	30484
758386255	Loaded_Language	30762	30777
758386255	Loaded_Language	2021	2034
758386255	Name_Calling,Labeling	6170	6178
758386255	Loaded_Language	6980	6990
758386255	Repetition	9143	9151
758386255	Loaded_Language	16089	16101
758386255	Name_Calling,Labeling	27716	27727
758386255	Repetition	31973	31989
