779394730	Loaded_Language	2965	2986
779394730	Loaded_Language	3247	3274
779394730	Loaded_Language	3728	3749
779394730	Loaded_Language	4043	4118
779394730	Loaded_Language	1222	1239
779394730	Loaded_Language	1382	1407
779394730	Loaded_Language	1479	1511
779394730	Doubt	3715	4118
779394730	Loaded_Language	4015	4030
779394730	Doubt	4120	4323
779394730	Loaded_Language	2710	2739
779394730	Loaded_Language	4141	4162
779394730	Loaded_Language	966	984
779394730	Doubt	1419	1612
779394730	Doubt	1615	1772
779394730	Doubt	1774	1886
779394730	Name_Calling,Labeling	1926	1965
779394730	Exaggeration,Minimisation	2070	2106
779394730	Doubt	2609	2739
779394730	Loaded_Language	3306	3340
779394730	Name_Calling,Labeling	3476	3535
779394730	Appeal_to_Authority	3554	3695
779394730	Doubt	3343	3462
779394730	Loaded_Language	3700	3713
779394730	Name_Calling,Labeling	4183	4206
779394730	Loaded_Language	4172	4226
