763440871	Loaded_Language	843	866
763440871	Loaded_Language	45	60
763440871	Loaded_Language	1705	1713
763440871	Loaded_Language	1719	1727
763440871	Loaded_Language	1859	1868
763440871	Loaded_Language	727	734
763440871	Loaded_Language	1371	1381
763440871	Repetition	478	493
763440871	Repetition	934	942
763440871	Repetition	1536	1545
763440871	Repetition	3309	3317
763440871	Repetition	3339	3347
763440871	Black-and-White_Fallacy	3228	3359
763440871	Name_Calling,Labeling	1825	1853
763440871	Slogans	3254	3287
763440871	Exaggeration,Minimisation	980	988
763440871	Exaggeration,Minimisation	2472	2491
