761674108	Loaded_Language	2560	2574
761674108	Loaded_Language	3771	3781
761674108	Loaded_Language	3803	3812
761674108	Slogans	539	585
761674108	Name_Calling,Labeling	698	716
761674108	Slogans	906	947
761674108	Name_Calling,Labeling	975	993
761674108	Whataboutism,Straw_Men,Red_Herring	1041	1070
761674108	Loaded_Language	1125	1133
761674108	Name_Calling,Labeling	1153	1182
761674108	Loaded_Language	1396	1404
761674108	Exaggeration,Minimisation	1527	1543
761674108	Causal_Oversimplification	1549	1615
761674108	Doubt	1690	1723
761674108	Doubt	1902	1960
761674108	Doubt	2267	2292
761674108	Flag-Waving	2478	2487
761674108	Loaded_Language	2880	2888
761674108	Loaded_Language	2892	2899
761674108	Flag-Waving	3038	3047
761674108	Name_Calling,Labeling	3286	3295
761674108	Loaded_Language	3300	3306
761674108	Exaggeration,Minimisation	3319	3330
761674108	Name_Calling,Labeling	3465	3473
761674108	Exaggeration,Minimisation	3479	3513
761674108	Loaded_Language	3674	3681
761674108	Repetition	4236	4244
761674108	Flag-Waving	4212	4219
761674108	Black-and-White_Fallacy	4529	4664
761674108	Black-and-White_Fallacy	4666	4715
761674108	Exaggeration,Minimisation	4725	4749
761674108	Flag-Waving	4725	4738
761674108	Flag-Waving	1167	1180
761674108	Flag-Waving	2138	2148
761674108	Slogans	2424	2451
761674108	Loaded_Language	2489	2517
761674108	Loaded_Language	2519	2544
761674108	Loaded_Language	2630	2660
761674108	Doubt	3578	3626
761674108	Loaded_Language	3522	3530
761674108	Name_Calling,Labeling	4083	4095
761674108	Doubt	4097	4235
761674108	Thought-terminating_Cliches	4693	4715
