780787440	Name_Calling,Labeling	822	856
780787440	Loaded_Language	2059	2073
780787440	Loaded_Language	473	497
780787440	Doubt	2110	2395
780787440	Doubt	3090	3262
780787440	Loaded_Language	379	414
780787440	Loaded_Language	516	541
780787440	Loaded_Language	1227	1248
780787440	Doubt	1703	1809
780787440	Doubt	1845	1910
780787440	Loaded_Language	2110	2135
780787440	Exaggeration,Minimisation	2439	2522
780787440	Doubt	2951	3087
780787440	Loaded_Language	3501	3507
780787440	Appeal_to_Authority	3740	4317
780787440	Doubt	4085	4285
780787440	Appeal_to_fear-prejudice	1153	1404
780787440	Doubt	3824	3919
780787440	Loaded_Language	3959	3966
