729578579	Doubt	645	742
729578579	Thought-terminating_Cliches	6851	6898
729578579	Thought-terminating_Cliches	16495	16517
729578579	Doubt	18426	18473
729578579	Repetition	21886	21905
729578579	Name_Calling,Labeling	225	260
729578579	Name_Calling,Labeling	368	403
729578579	Loaded_Language	604	636
729578579	Doubt	1794	1861
729578579	Appeal_to_Authority	3538	3671
729578579	Name_Calling,Labeling	6929	6946
729578579	Name_Calling,Labeling	7133	7153
729578579	Thought-terminating_Cliches	7731	7744
729578579	Loaded_Language	13378	13403
729578579	Name_Calling,Labeling	14278	14294
729578579	Thought-terminating_Cliches	16987	17002
729578579	Name_Calling,Labeling	18429	18448
729578579	Loaded_Language	18738	18761
729578579	Loaded_Language	18932	18958
729578579	Loaded_Language	19546	19578
729578579	Loaded_Language	21375	21389
729578579	Loaded_Language	21538	21553
729578579	Name_Calling,Labeling	21766	21785
729578579	Name_Calling,Labeling	22024	22037
729578579	Loaded_Language	22774	22811
729578579	Appeal_to_fear-prejudice	23321	23414
729578579	Loaded_Language	23700	23714
729578579	Loaded_Language	23757	23780
729578579	Loaded_Language	23823	23867
729578579	Loaded_Language	24443	24488
729578579	Loaded_Language	421	428
729578579	Loaded_Language	509	513
729578579	Loaded_Language	1090	1106
729578579	Repetition	6046	6058
729578579	Thought-terminating_Cliches	7201	7218
729578579	Loaded_Language	8306	8314
729578579	Loaded_Language	8907	8922
729578579	Exaggeration,Minimisation	9194	9218
729578579	Name_Calling,Labeling	13405	13432
729578579	Loaded_Language	13500	13507
729578579	Loaded_Language	13997	14021
729578579	Loaded_Language	14627	14644
729578579	Loaded_Language	14809	14822
729578579	Appeal_to_fear-prejudice	15614	15630
729578579	Loaded_Language	17741	17758
729578579	Loaded_Language	18366	18386
729578579	Appeal_to_Authority	18656	18706
729578579	Loaded_Language	19054	19073
729578579	Loaded_Language	19377	19401
729578579	Loaded_Language	19466	19544
729578579	Loaded_Language	21304	21337
729578579	Appeal_to_fear-prejudice	22303	22521
729578579	Name_Calling,Labeling	22719	22752
729578579	Loaded_Language	24898	24905
729578579	Loaded_Language	25127	25146
729578579	Doubt	26581	26625
