737194975	Loaded_Language	93	115
737194975	Loaded_Language	1763	1775
737194975	Loaded_Language	6010	6034
737194975	Thought-terminating_Cliches	6015	6034
737194975	Loaded_Language	12531	12562
737194975	Name_Calling,Labeling	28	48
737194975	Loaded_Language	339	355
737194975	Exaggeration,Minimisation	600	675
737194975	Slogans	1142	1192
737194975	Loaded_Language	1431	1439
737194975	Loaded_Language	4915	4917
737194975	Loaded_Language	5413	5416
737194975	Exaggeration,Minimisation	5409	5449
737194975	Loaded_Language	5540	5546
737194975	Loaded_Language	5816	5818
737194975	Loaded_Language	6077	6085
737194975	Flag-Waving	6035	6319
737194975	Doubt	7007	7014
737194975	Loaded_Language	7504	7507
737194975	Loaded_Language	7944	7967
737194975	Loaded_Language	9260	9276
737194975	Exaggeration,Minimisation	11088	11127
737194975	Loaded_Language	11129	11152
737194975	Exaggeration,Minimisation	12052	12201
737194975	Loaded_Language	12580	12606
737194975	Loaded_Language	12782	12797
737194975	Loaded_Language	13117	13120
737194975	Loaded_Language	12967	12970
737194975	Loaded_Language	12065	12084
737194975	Repetition	13289	13308
737194975	Loaded_Language	10	25
737194975	Loaded_Language	14080	14082
737194975	Loaded_Language	14486	14493
737194975	Flag-Waving	7210	7364
737194975	Loaded_Language	616	625
737194975	Bandwagon,Reductio_ad_hitlerum	2409	2429
737194975	Doubt	4807	4937
737194975	Doubt	5451	5630
737194975	Doubt	6035	6253
737194975	Whataboutism,Straw_Men,Red_Herring	6321	6456
737194975	Flag-Waving	6670	6817
737194975	Bandwagon,Reductio_ad_hitlerum	7712	7855
737194975	Loaded_Language	9871	9883
737194975	Causal_Oversimplification	10692	10784
737194975	Loaded_Language	11347	11359
737194975	Loaded_Language	11525	11529
737194975	Bandwagon,Reductio_ad_hitlerum	11763	11862
737194975	Loaded_Language	11983	11995
737194975	Flag-Waving	12851	12891
737194975	Repetition	14288	14313
