772947654	Flag-Waving	683	720
772947654	Loaded_Language	6314	6322
772947654	Name_Calling,Labeling	228	244
772947654	Flag-Waving	5686	5713
772947654	Loaded_Language	1606	1618
772947654	Exaggeration,Minimisation	148	157
772947654	Whataboutism,Straw_Men,Red_Herring	2050	2176
772947654	Causal_Oversimplification	2339	2392
772947654	Causal_Oversimplification	2780	2838
772947654	Repetition	2944	2967
772947654	Repetition	3010	3023
772947654	Exaggeration,Minimisation	4482	4510
772947654	Repetition	5221	5225
772947654	Slogans	5653	5668
772947654	Exaggeration,Minimisation	6229	6246
772947654	Causal_Oversimplification	6327	6352
772947654	Loaded_Language	319	322
772947654	Exaggeration,Minimisation	440	456
772947654	Flag-Waving	1510	1513
772947654	Repetition	1719	1722
772947654	Repetition	1760	1763
772947654	Exaggeration,Minimisation	3153	3160
772947654	Exaggeration,Minimisation	3311	3319
772947654	Loaded_Language	3334	3343
772947654	Flag-Waving	3483	3501
772947654	Loaded_Language	3766	3776
772947654	Repetition	3662	3686
772947654	Repetition	3787	3811
772947654	Repetition	4833	4857
772947654	Repetition	5180	5204
772947654	Black-and-White_Fallacy	4196	4254
772947654	Flag-Waving	4274	4277
772947654	Flag-Waving	4722	4725
772947654	Loaded_Language	5455	5462
772947654	Loaded_Language	6577	6588
