790677230	Loaded_Language	812	822
790677230	Loaded_Language	2773	2797
790677230	Flag-Waving	9516	9568
790677230	Loaded_Language	9878	9895
790677230	Name_Calling,Labeling	10304	10321
790677230	Exaggeration,Minimisation	10409	10636
790677230	Flag-Waving	10579	10636
790677230	Name_Calling,Labeling	11178	11218
790677230	Loaded_Language	9213	9217
790677230	Repetition	10562	10567
790677230	Slogans	492	515
790677230	Name_Calling,Labeling	741	768
790677230	Loaded_Language	1202	1237
790677230	Loaded_Language	2043	2061
790677230	Name_Calling,Labeling	2231	2244
790677230	Doubt	3473	3704
790677230	Loaded_Language	3981	4021
790677230	Loaded_Language	4339	4360
790677230	Doubt	4977	5036
790677230	Loaded_Language	8987	8998
790677230	Exaggeration,Minimisation	9194	9245
790677230	Causal_Oversimplification	9351	9443
790677230	Loaded_Language	9447	9470
790677230	Exaggeration,Minimisation	9702	9762
790677230	Loaded_Language	9784	9807
790677230	Exaggeration,Minimisation	10043	10068
790677230	Doubt	10304	10354
790677230	Appeal_to_Authority	866	886
790677230	Loaded_Language	1121	1145
790677230	Repetition	1964	1972
790677230	Loaded_Language	2144	2171
790677230	Doubt	4513	4620
790677230	Repetition	5626	5635
790677230	Doubt	7400	7497
790677230	Loaded_Language	8857	8869
790677230	Loaded_Language	9564	9568
790677230	Appeal_to_fear-prejudice	9666	9762
