766632016	Doubt	114	247
766632016	Doubt	3742	3775
766632016	Doubt	3858	4015
766632016	Appeal_to_fear-prejudice	488	515
766632016	Appeal_to_fear-prejudice	4525	4596
766632016	Exaggeration,Minimisation	3594	3609
766632016	Exaggeration,Minimisation	5319	5340
766632016	Repetition	3475	3482
766632016	Repetition	3695	3702
766632016	Repetition	3655	3670
766632016	Repetition	4062	4076
766632016	Repetition	3796	3808
766632016	Repetition	2663	2674
766632016	Repetition	4196	4208
766632016	Repetition	4238	4248
766632016	Repetition	4253	4264
766632016	Repetition	4332	4343
766632016	Repetition	4431	4441
766632016	Repetition	4546	4558
766632016	Repetition	4641	4653
766632016	Repetition	4718	4729
766632016	Repetition	4777	4788
766632016	Repetition	4859	4871
766632016	Repetition	4894	4905
766632016	Repetition	5133	5144
766632016	Repetition	5569	5583
766632016	Repetition	5863	5872
766632016	Whataboutism,Straw_Men,Red_Herring	3858	3903
766632016	Loaded_Language	4972	4983
766632016	Loaded_Language	1925	1969
766632016	Loaded_Language	455	470
766632016	Loaded_Language	486	507
766632016	Loaded_Language	2640	2674
766632016	Loaded_Language	3586	3670
766632016	Loaded_Language	4626	4653
766632016	Loaded_Language	3796	3808
766632016	Loaded_Language	564	590
766632016	Loaded_Language	1679	1711
766632016	Loaded_Language	2584	2601
766632016	Loaded_Language	3535	3553
766632016	Loaded_Language	4332	4343
766632016	Loaded_Language	4431	4441
766632016	Loaded_Language	4525	4558
766632016	Loaded_Language	4718	4729
766632016	Loaded_Language	4777	4788
766632016	Loaded_Language	5109	5144
766632016	Loaded_Language	5425	5456
766632016	Appeal_to_Authority	2060	2180
766632016	Appeal_to_Authority	249	366
766632016	Appeal_to_Authority	1294	1402
766632016	Whataboutism,Straw_Men,Red_Herring	4756	4842
766632016	Whataboutism,Straw_Men,Red_Herring	4091	4184
766632016	Whataboutism,Straw_Men,Red_Herring	4462	4596
766632016	Whataboutism,Straw_Men,Red_Herring	4655	4754
766632016	Whataboutism,Straw_Men,Red_Herring	5602	5736
766632016	Causal_Oversimplification	5743	5861
