758756657	Repetition	5024	5036
758756657	Repetition	5302	5314
758756657	Loaded_Language	62	69
758756657	Causal_Oversimplification	606	746
758756657	Loaded_Language	4352	4361
758756657	Exaggeration,Minimisation	4376	4437
758756657	Loaded_Language	4719	4725
758756657	Loaded_Language	5295	5301
758756657	Appeal_to_fear-prejudice	5639	5649
758756657	Repetition	5811	5821
758756657	Repetition	6359	6369
758756657	Appeal_to_fear-prejudice	5870	5874
758756657	Appeal_to_fear-prejudice	5910	5931
758756657	Repetition	5989	5993
758756657	Repetition	6281	6285
758756657	Loaded_Language	6301	6308
758756657	Repetition	6330	6347
758756657	Appeal_to_fear-prejudice	6373	6432
758756657	Slogans	481	513
758756657	Flag-Waving	506	513
758756657	Flag-Waving	1243	1261
758756657	Loaded_Language	4380	4392
758756657	Loaded_Language	4397	4412
758756657	Doubt	6670	6702
758756657	Doubt	6703	6747
758756657	Doubt	6748	6781
