709732928	Repetition	10768	10775
709732928	Repetition	10826	10833
709732928	Loaded_Language	1428	1432
709732928	Loaded_Language	1811	1820
709732928	Loaded_Language	1957	1966
709732928	Loaded_Language	8532	8539
709732928	Flag-Waving	11982	11997
709732928	Loaded_Language	160	172
709732928	Loaded_Language	6464	6474
709732928	Repetition	8158	8168
709732928	Name_Calling,Labeling	8613	8616
709732928	Flag-Waving	10865	10882
709732928	Loaded_Language	12	21
709732928	Loaded_Language	2169	2173
709732928	Loaded_Language	2583	2587
709732928	Flag-Waving	7346	7359
709732928	Loaded_Language	7579	7590
709732928	Name_Calling,Labeling	8521	8530
709732928	Name_Calling,Labeling	8532	8546
709732928	Repetition	10416	10440
709732928	Repetition	10525	10552
709732928	Repetition	10660	10675
709732928	Repetition	2177	2184
709732928	Repetition	3682	3689
709732928	Repetition	3732	3742
709732928	Repetition	8491	8498
709732928	Repetition	9458	9465
709732928	Loaded_Language	251	259
