761334950	Loaded_Language	726	736
761334950	Loaded_Language	1154	1164
761334950	Exaggeration,Minimisation	2207	2221
761334950	Exaggeration,Minimisation	2343	2353
761334950	Loaded_Language	2899	2916
761334950	Loaded_Language	5837	5872
761334950	Loaded_Language	14078	14088
761334950	Loaded_Language	14144	14156
761334950	Loaded_Language	15508	15534
761334950	Doubt	16086	16116
761334950	Loaded_Language	1306	1325
761334950	Loaded_Language	16086	16116
761334950	Repetition	16377	16385
761334950	Loaded_Language	17133	17143
761334950	Loaded_Language	21111	21119
