770376380	Name_Calling,Labeling	1583	1611
770376380	Loaded_Language	24	47
770376380	Repetition	1383	1405
770376380	Loaded_Language	357	416
770376380	Loaded_Language	599	623
770376380	Loaded_Language	678	688
770376380	Loaded_Language	1127	1152
770376380	Loaded_Language	1305	1323
770376380	Loaded_Language	1411	1500
770376380	Doubt	1532	1745
770376380	Loaded_Language	3926	3942
770376380	Doubt	3864	3956
770376380	Loaded_Language	4340	4357
770376380	Exaggeration,Minimisation	4460	4501
770376380	Loaded_Language	4636	4656
770376380	Causal_Oversimplification	4504	4782
770376380	Name_Calling,Labeling	4974	5056
770376380	Name_Calling,Labeling	5167	5181
770376380	Appeal_to_fear-prejudice	4963	5181
770376380	Name_Calling,Labeling	5472	5484
770376380	Doubt	1937	2253
770376380	Repetition	2121	2138
770376380	Doubt	3609	3676
