774007496	Repetition	3008	3022
774007496	Slogans	493	528
774007496	Repetition	1756	1770
774007496	Repetition	2500	2512
774007496	Repetition	2602	2614
774007496	Repetition	478	491
774007496	Loaded_Language	1498	1517
774007496	Name_Calling,Labeling	1857	1870
774007496	Loaded_Language	1895	1918
774007496	Loaded_Language	2161	2169
774007496	Repetition	2242	2254
774007496	Loaded_Language	1017	1031
774007496	Name_Calling,Labeling	1538	1543
774007496	Thought-terminating_Cliches	1640	1667
774007496	Loaded_Language	3289	3293
774007496	Loaded_Language	3330	3336
774007496	Doubt	3295	3336
774007496	Repetition	2062	2076
774007496	Repetition	2385	2399
774007496	Repetition	2833	2847
