764609985	Loaded_Language	7112	7118
764609985	Name_Calling,Labeling	7224	7235
764609985	Flag-Waving	675	694
764609985	Doubt	6332	6366
764609985	Loaded_Language	5497	5509
764609985	Loaded_Language	5513	5522
764609985	Loaded_Language	8747	8765
764609985	Loaded_Language	10403	10413
764609985	Loaded_Language	288	296
764609985	Loaded_Language	500	507
764609985	Loaded_Language	1681	1685
764609985	Loaded_Language	2352	2362
764609985	Loaded_Language	2463	2471
764609985	Doubt	2550	2764
764609985	Loaded_Language	2992	3003
764609985	Loaded_Language	3574	3578
764609985	Loaded_Language	3701	3707
764609985	Loaded_Language	4675	4681
764609985	Loaded_Language	4924	4933
764609985	Doubt	5891	6090
764609985	Doubt	5496	5541
764609985	Loaded_Language	8497	8514
764609985	Appeal_to_Authority	10188	10225
764609985	Loaded_Language	7247	7251
764609985	Repetition	8701	8718
764609985	Loaded_Language	11038	11048
