723537899	Doubt	3125	3182
723537899	Loaded_Language	1917	1925
723537899	Appeal_to_fear-prejudice	3463	3515
723537899	Doubt	4586	4691
723537899	Appeal_to_fear-prejudice	766	778
723537899	Name_Calling,Labeling	436	448
723537899	Name_Calling,Labeling	1100	1113
723537899	Name_Calling,Labeling	1174	1184
723537899	Loaded_Language	1264	1323
723537899	Loaded_Language	1350	1391
723537899	Doubt	1491	1628
723537899	Causal_Oversimplification	2228	2300
723537899	Doubt	2302	2342
723537899	Appeal_to_fear-prejudice	2474	2686
723537899	Appeal_to_fear-prejudice	817	871
723537899	Doubt	1392	1436
723537899	Doubt	1934	1978
