764715911	Loaded_Language	4380	4391
764715911	Repetition	4015	4028
764715911	Black-and-White_Fallacy	2859	2916
764715911	Flag-Waving	132	142
764715911	Black-and-White_Fallacy	254	348
764715911	Doubt	937	1001
764715911	Black-and-White_Fallacy	1667	1713
764715911	Repetition	3722	3734
764715911	Black-and-White_Fallacy	6379	6427
764715911	Loaded_Language	6958	6981
764715911	Loaded_Language	6832	6852
764715911	Whataboutism,Straw_Men,Red_Herring	7265	7459
764715911	Causal_Oversimplification	7652	7700
764715911	Flag-Waving	272	285
764715911	Name_Calling,Labeling	573	584
764715911	Loaded_Language	1728	1734
764715911	Flag-Waving	2558	2561
764715911	Repetition	5779	5788
764715911	Flag-Waving	6646	6649
764715911	Doubt	7479	7513
764715911	Doubt	7514	7597
