729668796	Loaded_Language	2351	2361
729668796	Flag-Waving	68	96
729668796	Repetition	545	585
729668796	Repetition	1270	1353
729668796	Loaded_Language	2090	2115
729668796	Loaded_Language	3756	3776
729668796	Repetition	2118	2184
729668796	Repetition	3361	3376
729668796	Black-and-White_Fallacy	3804	3940
729668796	Repetition	296	361
729668796	Loaded_Language	1938	2047
729668796	Loaded_Language	3341	3418
729668796	Name_Calling,Labeling	3361	3376
729668796	Flag-Waving	3647	3663
729668796	Appeal_to_fear-prejudice	2854	2939
729668796	Black-and-White_Fallacy	3997	4124
729668796	Flag-Waving	238	251
729668796	Slogans	238	251
729668796	Flag-Waving	476	500
729668796	Slogans	476	500
729668796	Flag-Waving	815	828
729668796	Slogans	815	828
729668796	Repetition	1242	1266
729668796	Flag-Waving	1938	2045
729668796	Appeal_to_fear-prejudice	3027	3081
729668796	Thought-terminating_Cliches	4133	4142
