790665855	Loaded_Language	448	493
790665855	Loaded_Language	967	1023
790665855	Loaded_Language	1628	1653
790665855	Name_Calling,Labeling	3521	3558
790665855	Name_Calling,Labeling	4401	4470
790665855	Loaded_Language	4178	4223
790665855	Doubt	567	675
790665855	Doubt	814	887
790665855	Loaded_Language	3248	3257
790665855	Bandwagon,Reductio_ad_hitlerum	3521	3546
790665855	Doubt	4865	4952
790665855	Loaded_Language	5402	5424
790665855	Appeal_to_fear-prejudice	5448	5609
790665855	Name_Calling,Labeling	5714	5743
790665855	Appeal_to_Authority	4721	4749
