759478604	Loaded_Language	35	46
759478604	Loaded_Language	1312	1323
759478604	Loaded_Language	1696	1704
759478604	Loaded_Language	8701	8707
759478604	Name_Calling,Labeling	12527	12534
759478604	Loaded_Language	14664	14676
759478604	Loaded_Language	12783	12825
759478604	Black-and-White_Fallacy	244	264
759478604	Loaded_Language	1407	1414
759478604	Loaded_Language	1746	1757
759478604	Black-and-White_Fallacy	2451	2548
759478604	Exaggeration,Minimisation	4303	4386
759478604	Black-and-White_Fallacy	5052	5083
759478604	Loaded_Language	9407	9420
759478604	Loaded_Language	9832	9859
759478604	Loaded_Language	10856	10866
759478604	Loaded_Language	10752	10759
759478604	Loaded_Language	12559	12579
759478604	Loaded_Language	13700	13717
759478604	Appeal_to_fear-prejudice	2551	2581
759478604	Appeal_to_fear-prejudice	2609	2640
759478604	Loaded_Language	8430	8438
759478604	Repetition	11614	11639
759478604	Repetition	12165	12190
759478604	Repetition	14704	14729
