772947654	683	720
772947654	6314	6322
772947654	228	244
772947654	5686	5713
772947654	1606	1618
772947654	148	157
772947654	2050	2176
772947654	2339	2392
772947654	2780	2838
772947654	2944	2967
772947654	3010	3023
772947654	4482	4510
772947654	5221	5225
772947654	5653	5668
772947654	6229	6246
772947654	6327	6352
772947654	319	322
772947654	440	456
772947654	1510	1513
772947654	1719	1722
772947654	1760	1763
772947654	3153	3160
772947654	3311	3319
772947654	3334	3343
772947654	3483	3501
772947654	3766	3776
772947654	3662	3686
772947654	3787	3811
772947654	4833	4857
772947654	5180	5204
772947654	4196	4254
772947654	4274	4277
772947654	4722	4725
772947654	5455	5462
772947654	6577	6588
