790266787	1403	1416
790266787	1921	1958
790266787	3134	3152
790266787	3372	3379
790266787	3391	3531
790266787	3665	3681
790266787	3768	3778
790266787	3882	3913
790266787	6390	6401
790266787	7876	7973
790266787	9833	9851
790266787	10617	10703
790266787	7693	7720
790266787	8846	8881
790266787	0	21
790266787	99	132
790266787	293	316
790266787	346	364
790266787	765	789
790266787	1574	1584
790266787	3035	3058
790266787	3561	3662
790266787	3723	3737
790266787	3929	3943
790266787	6168	6181
790266787	6917	6953
790266787	7430	7444
790266787	7606	7656
790266787	8359	8403
790266787	8431	8482
790266787	8998	9127
790266787	8696	8732
