783702663	886	905
783702663	1134	1181
783702663	1957	1974
783702663	2799	2861
783702663	3189	3303
783702663	5092	5149
783702663	6681	6716
783702663	7073	7126
783702663	7449	7626
783702663	9381	9396
783702663	9500	9531
783702663	9548	9613
783702663	10688	10895
783702663	11247	11501
783702663	11506	11702
783702663	12390	12552
783702663	14791	14829
783702663	15209	15232
783702663	15536	15557
783702663	15722	15754
783702663	18709	18726
783702663	18759	18770
783702663	18791	18808
783702663	22136	22159
783702663	24519	24555
783702663	29165	29189
783702663	29621	29644
783702663	30190	30230
783702663	33077	33099
783702663	33818	33977
783702663	34116	34136
783702663	34151	34167
783702663	3568	3733
783702663	5271	5287
783702663	5414	5624
783702663	8097	8164
783702663	9010	9121
783702663	17407	17437
783702663	23605	23830
783702663	28842	28862
783702663	40191	40629
783702663	47145	47240
783702663	26	49
783702663	2268	2375
783702663	2050	2071
783702663	2082	2266
783702663	2714	2737
783702663	3081	3113
783702663	2925	2968
783702663	3761	3797
783702663	3904	3916
783702663	3959	3997
783702663	4167	4224
783702663	4252	4277
783702663	5291	5314
783702663	5585	5624
783702663	5780	6010
783702663	6013	6234
783702663	6236	6254
783702663	6323	6335
783702663	6511	6527
783702663	6779	6786
783702663	6891	6960
783702663	7199	7210
783702663	7704	7905
783702663	8045	8094
783702663	8314	8369
783702663	8440	8457
783702663	8871	8924
783702663	9215	9252
783702663	9432	9466
783702663	9774	9818
783702663	9820	9852
783702663	9885	9893
783702663	9951	10100
783702663	10947	11164
783702663	11731	11877
783702663	11904	11967
783702663	13659	13719
783702663	13735	13781
783702663	13518	13641
783702663	14013	14038
783702663	14261	14295
783702663	14642	14683
783702663	14710	14749
783702663	14950	14972
783702663	15115	15186
783702663	15654	15666
783702663	15952	16007
783702663	16012	16031
783702663	16802	16842
783702663	16865	16958
783702663	17351	17366
783702663	17370	17399
783702663	18078	18102
783702663	18354	18420
783702663	19166	19196
783702663	19735	19833
783702663	20065	20097
783702663	20165	20189
783702663	20296	20354
783702663	20423	20449
783702663	20466	20660
783702663	20589	20619
783702663	20662	20679
783702663	20753	20765
783702663	20774	20796
783702663	20923	20938
783702663	20895	20922
783702663	21246	21515
783702663	21524	21560
783702663	21638	21701
783702663	21907	21959
783702663	22579	22643
783702663	22692	22714
783702663	23021	23037
783702663	23085	23127
783702663	23358	23510
783702663	23580	23596
783702663	23845	23869
783702663	23929	23995
783702663	24612	24642
783702663	24671	24695
783702663	25357	25376
783702663	25679	25708
783702663	25770	25795
783702663	25913	25926
783702663	26507	26533
783702663	27574	27598
783702663	27601	27725
783702663	27843	27872
783702663	27888	28217
783702663	28372	28499
783702663	29144	29162
783702663	29897	29916
783702663	30241	30248
783702663	30594	30612
783702663	30701	30900
783702663	30931	30967
783702663	31142	31280
783702663	31410	31438
783702663	31572	31946
783702663	31756	31781
783702663	31850	31873
783702663	31911	31946
783702663	31948	32272
783702663	32894	32959
783702663	33129	33156
783702663	34719	34815
783702663	35182	35214
783702663	35664	35814
783702663	35872	36008
783702663	36086	36449
783702663	36648	36684
783702663	37069	37101
783702663	37193	37232
783702663	37486	37576
783702663	37819	37855
783702663	37874	38077
783702663	38570	38665
783702663	38762	38802
783702663	39084	39201
783702663	39700	39919
783702663	39952	40189
783702663	40668	40693
783702663	40750	41110
783702663	41371	41386
783702663	41466	41543
783702663	41648	41664
783702663	41769	41788
783702663	41790	41826
783702663	42660	42701
783702663	43870	43891
783702663	44153	44273
783702663	46117	46145
783702663	46305	46328
783702663	46478	46554
783702663	46620	46760
783702663	46813	46852
783702663	46902	46948
783702663	47108	47126
783702663	47271	47306
783702663	47332	47391
783702663	6964	7010
783702663	10344	10372
783702663	24371	24386
783702663	25545	25559
783702663	29256	29266
783702663	29714	29724
783702663	31311	31349
783702663	39397	39470
783702663	45187	45317
