773520636	2131	2153
773520636	2194	2234
773520636	3850	3981
773520636	6376	6475
773520636	6523	6654
773520636	152	169
773520636	302	342
773520636	46	63
773520636	617	726
773520636	847	1053
773520636	1777	1799
773520636	1954	1965
773520636	2032	2073
773520636	2382	2453
773520636	2833	2855
773520636	3016	3032
773520636	3176	3248
773520636	3446	3498
773520636	4291	4364
773520636	5036	5050
773520636	5166	5179
773520636	5528	5556
773520636	5764	5777
773520636	6047	6125
773520636	6248	6273
773520636	6311	6322
773520636	6507	6521
773520636	6692	6706
773520636	6708	6778
773520636	6843	6890
773520636	6904	6913
773520636	7104	7123
773520636	7293	7303
773520636	7361	7378
773520636	7438	7471
773520636	7570	7610
773520636	7762	7776
773520636	7922	7945
773520636	8004	8028
773520636	8340	8378
773520636	8381	8516
773520636	8563	8583
773520636	8796	8823
773520636	9049	9076
773520636	8991	9012
773520636	9526	9548
773520636	9499	9509
773520636	9707	9715
773520636	9774	9803
773520636	10767	10778
773520636	11198	11208
773520636	11459	11475
773520636	11044	11152
773520636	12645	12685
773520636	12833	12849
773520636	13214	13228
773520636	13230	13251
773520636	13263	13281
773520636	14096	14112
773520636	14660	14686
773520636	15678	15685
773520636	17418	17457
773520636	17503	17533
773520636	17544	17580
773520636	17874	18158
773520636	1575	1723
773520636	6780	6794
773520636	17865	17872
