787002327	2110	2257
787002327	2707	2728
787002327	4104	4173
787002327	4630	4648
787002327	4710	4757
787002327	5606	5625
787002327	5916	5942
787002327	6166	6190
787002327	6195	6208
787002327	6813	7147
787002327	3103	3203
787002327	3557	3572
787002327	3582	3597
787002327	184	203
787002327	215	251
787002327	288	307
787002327	363	386
787002327	459	502
787002327	542	563
787002327	682	705
787002327	838	1019
787002327	1109	1160
787002327	1195	1219
787002327	1266	1285
787002327	1356	1370
787002327	1471	1505
787002327	1709	1881
787002327	1961	1980
787002327	2263	2357
787002327	2458	2492
787002327	2867	2897
787002327	4007	4032
787002327	4193	4225
787002327	4412	4433
787002327	5243	5248
787002327	5252	5303
787002327	5467	5544
787002327	5667	5770
787002327	5908	5915
787002327	6064	6087
787002327	6460	6489
787002327	6530	6548
787002327	6739	6811
787002327	7149	7200
