738207834	559	572
738207834	891	910
738207834	1224	1239
738207834	1320	1338
738207834	1873	1936
738207834	1972	2031
738207834	2039	2092
738207834	2462	2473
738207834	2709	2725
738207834	2983	2996
738207834	3268	3308
738207834	3609	3627
738207834	5143	5169
738207834	5692	5708
738207834	6324	6347
738207834	6870	6912
738207834	7385	7413
738207834	7594	7623
738207834	8294	8311
738207834	8599	8638
738207834	9328	9350
738207834	10874	10950
738207834	11332	11350
738207834	11495	11536
738207834	11650	11713
738207834	11821	11851
738207834	12432	12450
738207834	12473	12497
738207834	12801	12836
738207834	12876	12895
738207834	13347	13373
738207834	13819	13870
738207834	14960	14987
738207834	15231	15271
738207834	15622	15639
738207834	15645	15696
738207834	16385	16414
738207834	16520	16552
738207834	16889	16956
738207834	17728	17750
738207834	17844	17880
738207834	18762	18796
738207834	18859	19112
738207834	19301	19318
738207834	19752	19776
738207834	19841	20019
738207834	20251	20279
738207834	21073	21095
738207834	21313	21350
738207834	21604	21652
738207834	22078	22114
738207834	22676	22703
738207834	22803	22834
738207834	23402	23448
738207834	23536	23584
738207834	1634	1639
738207834	2327	2361
738207834	2363	2403
738207834	3113	3134
738207834	3174	3194
738207834	4716	4739
738207834	5912	6033
738207834	6843	6861
738207834	8398	8410
738207834	9452	9463
738207834	12146	12179
738207834	14348	14409
738207834	16817	16831
738207834	18650	18713
738207834	20737	20803
738207834	21927	21940
