758386255	1495	1500
758386255	5097	5105
758386255	5358	5366
758386255	5826	5834
758386255	28609	28626
758386255	1142	1150
758386255	1989	2006
758386255	3706	3741
758386255	5290	5304
758386255	5453	5484
758386255	5615	5635
758386255	5793	5802
758386255	6137	6178
758386255	6525	6554
758386255	7833	7925
758386255	8445	8450
758386255	8371	8378
758386255	8386	8406
758386255	8536	8544
758386255	8642	8650
758386255	8722	8730
758386255	8915	8925
758386255	8818	8826
758386255	8947	8955
758386255	9428	9436
758386255	9484	9492
758386255	9348	9356
758386255	9544	9552
758386255	9735	9745
758386255	9779	9787
758386255	9847	9855
758386255	9954	9962
758386255	10366	10374
758386255	10166	10174
758386255	27083	27093
758386255	26689	26697
758386255	26295	26303
758386255	26487	26497
758386255	17050	17060
758386255	15781	15789
758386255	14415	14425
758386255	13799	13807
758386255	13741	13749
758386255	12732	12740
758386255	12171	12179
758386255	12607	12615
758386255	10819	10827
758386255	10607	10617
758386255	15128	15143
758386255	16657	16665
758386255	28048	28053
758386255	30476	30484
758386255	30762	30777
758386255	2021	2034
758386255	6980	6990
758386255	9143	9151
758386255	16089	16101
758386255	27716	27727
758386255	31973	31989
