774145019	191	196
774145019	412	417
774145019	1247	1255
774145019	2825	2829
774145019	2774	2789
774145019	1899	1904
774145019	2361	2366
774145019	3333	3338
774145019	3110	3117
774145019	5052	5059
774145019	3992	4020
774145019	58	63
774145019	441	517
774145019	518	551
774145019	552	615
774145019	616	700
774145019	2844	2853
774145019	2996	3011
774145019	3172	3196
774145019	3297	3321
774145019	4343	4367
774145019	4690	4714
774145019	3276	3286
774145019	3621	3624
774145019	3784	3794
774145019	4232	4242
774145019	4644	4652
