999001032	491	526
999001032	861	890
999001032	2333	2587
999001032	2882	2898
999001032	4210	4236
999001032	465	478
999001032	549	564
999001032	1415	1571
999001032	2847	2860
999001032	1727	1852
999001032	3003	3061
999001032	3222	3332
999001032	3226	3237
999001032	3454	3461
999001032	3770	3803
999001032	0	35
999001032	595	659
999001032	835	848
999001032	903	927
999001032	1574	1627
999001032	1854	1954
999001032	2201	2282
999001032	3117	3145
999001032	3166	3211
999001032	3707	3738
999001032	3806	3832
999001032	4168	4197
999001032	3962	4085
999001032	4331	4364
999001032	4473	4532
999001032	4701	4715
999001032	4586	4600
999001032	4618	4642
999001032	5437	5559
999001032	5521	5542
999001032	4310	4323
