764664283	3743	3755
764664283	3925	3946
764664283	5611	5631
764664283	6383	6393
764664283	7391	7405
764664283	1394	1405
764664283	3760	3770
764664283	7045	7053
764664283	7229	7292
764664283	451	476
764664283	1184	1205
764664283	4110	4131
764664283	5538	5571
764664283	5580	5596
764664283	6058	6108
764664283	7568	7635
764664283	125	303
764664283	7720	7854
764664283	2529	2664
764664283	0	34
764664283	3496	3521
764664283	7337	7367
764664283	1364	1383
764664283	1481	1634
764664283	5196	5228
764664283	1092	1128
764664283	2413	2426
764664283	2150	2287
764664283	4063	4098
764664283	5676	5823
764664283	5285	5372
764664283	5502	5537
764664283	6960	7008
764664283	1636	1722
764664283	2666	2747
764664283	2749	2895
764664283	3624	3714
764664283	591	698
764664283	872	960
764664283	4314	4389
764664283	1928	1964
764664283	3535	3591
764664283	5825	5894
