725498022	4518	4580
725498022	6105	6131
725498022	8065	8084
725498022	16921	16939
725498022	18642	18707
725498022	757	770
725498022	1058	1085
725498022	1452	1468
725498022	2686	2720
725498022	5585	5607
725498022	5843	5858
725498022	7181	7203
725498022	7672	7695
725498022	10212	10237
725498022	10881	10895
725498022	16716	16740
725498022	17429	17452
725498022	19752	19789
725498022	20050	20079
725498022	21226	21249
725498022	21723	21950
725498022	201	211
725498022	291	302
725498022	535	581
725498022	1869	1879
725498022	3705	3729
725498022	5661	5696
725498022	6618	6634
725498022	7261	7279
725498022	8684	8702
725498022	11946	11987
725498022	14333	14340
725498022	14373	14389
725498022	17386	17401
725498022	17832	17837
725498022	20682	20795
725498022	21137	21152
