111111131	84	97
111111131	102	109
111111131	180	190
111111131	207	214
111111131	326	336
111111131	352	365
111111131	382	395
111111131	398	413
111111131	723	731
111111131	804	811
111111131	823	865
111111131	1031	1068
111111131	1191	1201
111111131	1977	1992
111111131	2660	2671
111111131	2728	2739
111111131	2897	2908
111111131	2912	2923
111111131	2953	2997
111111131	3396	3416
111111131	3437	3445
111111131	3738	3748
111111131	4008	4014
111111131	4030	4038
111111131	4152	4169
111111131	4224	4230
111111131	4256	4264
111111131	4339	4352
111111131	4531	4546
111111131	4635	4643
111111131	4752	4768
111111131	4882	4899
111111131	5174	5186
111111131	5244	5262
111111131	5281	5289
111111131	5369	5378
111111131	5904	5916
111111131	5938	5950
111111131	6920	6937
111111131	6957	6971
111111131	7314	7324
111111131	7700	7708
