709732928	10768	10775
709732928	10826	10833
709732928	1428	1432
709732928	1811	1820
709732928	1957	1966
709732928	8532	8546
709732928	11982	11997
709732928	160	172
709732928	6464	6474
709732928	8158	8168
709732928	8613	8616
709732928	10865	10882
709732928	12	21
709732928	2169	2173
709732928	2583	2587
709732928	7346	7359
709732928	7579	7590
709732928	8521	8530
709732928	10416	10440
709732928	10525	10552
709732928	10660	10675
709732928	2177	2184
709732928	3682	3689
709732928	3732	3742
709732928	8491	8498
709732928	9458	9465
709732928	251	259
