778664280	5485	5501
778664280	9787	9822
778664280	12227	12265
778664280	12280	12302
778664280	865	912
778664280	3969	3990
778664280	8730	8750
778664280	9180	9436
778664280	9542	9566
778664280	11052	11282
778664280	9600	9617
778664280	11426	11450
778664280	10832	11050
778664280	6964	7167
778664280	10174	10260
778664280	402	430
778664280	4569	4584
778664280	5422	5440
778664280	8088	8139
778664280	8907	8921
778664280	8949	8995
778664280	9764	9785
778664280	9824	9974
778664280	9959	9974
778664280	10114	10148
778664280	10455	10720
778664280	1196	1206
778664280	11091	11282
778664280	3016	3042
778664280	4132	4158
778664280	4168	4211
778664280	9002	9026
778664280	9027	9050
778664280	2036	2050
778664280	5195	5210
778664280	5973	6034
778664280	5517	5839
778664280	7174	7201
778664280	7959	7973
778664280	8140	8241
778664280	8360	8382
778664280	8875	8897
778664280	9052	9178
778664280	10532	10550
778664280	10722	10830
778664280	11811	11875
778664280	660	744
778664280	10287	10453
778664280	9976	10029
778664280	6037	6169
778664280	6543	6921
778664280	7514	7815
778664280	2737	2809
778664280	1442	1720
778664280	11529	11693
778664280	11877	12098
778664280	4787	4847
778664280	9619	9647
