765982381	2063	2106
765982381	3364	3566
765982381	6856	6882
765982381	2851	2932
765982381	4183	4248
765982381	4494	4523
765982381	5207	5240
765982381	5379	5391
765982381	398	410
765982381	416	448
765982381	770	1044
765982381	1025	1044
765982381	1367	1376
765982381	2200	2230
765982381	2422	2462
765982381	2324	2346
765982381	2492	2555
765982381	2588	2622
765982381	2626	2635
765982381	2831	2848
765982381	2949	3043
765982381	3095	3187
765982381	3207	3222
765982381	3309	3352
765982381	3888	3916
765982381	4110	4131
765982381	4947	4995
765982381	5976	6023
765982381	6039	6057
765982381	6063	6090
765982381	6197	6250
765982381	6262	6295
765982381	6415	6438
765982381	1600	1817
