769962328	2213	2316
769962328	3274	3311
769962328	4074	4086
769962328	1756	1825
769962328	3749	3790
769962328	4088	4269
769962328	334	599
769962328	1336	1357
769962328	1978	2012
769962328	2086	2195
769962328	2338	2369
769962328	2666	2695
769962328	3160	3223
769962328	3110	3157
769962328	3566	3594
769962328	3663	3706
769962328	3877	3901
769962328	3985	4063
769962328	3323	3431
769962328	4290	4332
769962328	4559	4593
769962328	4650	4767
769962328	4805	4932
769962328	5059	5103
769962328	5150	5259
769962328	5348	5370
769962328	5401	5427
769962328	5463	5493
769962328	6050	6080
769962328	6086	6118
769962328	5946	5975
769962328	6310	6391
769962328	6411	6428
769962328	3596	3661
769962328	5608	5821
