703821117	2350	2366
703821117	3483	3500
703821117	11087	11105
703821117	11655	11671
703821117	12003	12039
703821117	12349	12363
703821117	14142	14158
703821117	16781	16835
703821117	17552	17689
703821117	179	236
703821117	114	174
703821117	472	532
703821117	833	880
703821117	2475	2523
703821117	3368	3383
703821117	3519	3571
703821117	3893	3974
703821117	5022	5080
703821117	5281	5373
703821117	6445	6453
703821117	6520	6609
703821117	6620	6637
703821117	7264	7314
703821117	7674	7693
703821117	10469	10570
703821117	10572	10680
703821117	10697	10805
703821117	10860	10997
703821117	10820	10845
703821117	11221	11328
703821117	12149	12243
703821117	13152	13167
703821117	13316	13369
703821117	13902	13935
703821117	13936	13958
703821117	13960	14030
703821117	18447	18550
703821117	14419	14458
703821117	14511	14640
703821117	14752	14920
703821117	15047	15069
703821117	15216	15279
703821117	15785	15851
703821117	16195	16231
703821117	16335	16411
703821117	16976	17013
703821117	17016	17049
703821117	18269	18325
703821117	18378	18396
703821117	18604	18639
703821117	6046	6098
703821117	17150	17244
