765385479	16	85
765385479	522	537
765385479	982	1059
765385479	2100	2117
765385479	2422	2440
765385479	2690	2722
765385479	3435	3495
765385479	3790	3820
765385479	3827	3886
765385479	4225	4243
765385479	4246	4270
765385479	5347	5383
765385479	5932	5950
765385479	6924	6977
765385479	7005	7052
765385479	9479	9499
765385479	4441	4461
765385479	6478	6496
765385479	6559	6573
765385479	8431	8458
765385479	206	375
765385479	564	630
765385479	917	965
765385479	1081	1086
765385479	1630	1651
765385479	1759	1848
765385479	1889	1903
765385479	1905	1923
765385479	2321	2341
765385479	2346	2374
765385479	2497	2578
765385479	2611	2658
765385479	2756	2777
765385479	2779	2972
765385479	3279	3305
765385479	3522	3544
765385479	3725	3748
765385479	3750	3771
765385479	3889	3968
765385479	4028	4046
765385479	4272	4286
765385479	4322	4338
765385479	4354	4394
765385479	4396	4416
765385479	4476	4585
765385479	4809	4869
765385479	5144	5164
765385479	5171	5201
765385479	5316	5335
765385479	5743	5762
765385479	6160	6180
765385479	6205	6225
765385479	6286	6335
765385479	6337	6442
765385479	6686	6700
765385479	6818	6840
765385479	6900	6922
765385479	7352	7484
765385479	7498	7590
765385479	7634	7678
765385479	7610	7625
765385479	7793	7836
765385479	7853	8050
765385479	8233	8248
765385479	8277	8307
765385479	9397	9418
765385479	9784	9804
765385479	9119	9372
765385479	10444	10686
765385479	2120	2210
765385479	9856	9902
