766632016	114	247
766632016	3742	3775
766632016	3858	4015
766632016	486	515
766632016	4462	4596
766632016	3586	3670
766632016	5319	5340
766632016	3475	3482
766632016	3695	3702
766632016	3655	3670
766632016	4062	4076
766632016	3796	3808
766632016	2640	2674
766632016	4196	4208
766632016	4238	4248
766632016	4253	4264
766632016	4332	4343
766632016	4431	4441
766632016	4626	4653
766632016	4655	4754
766632016	4756	4842
766632016	4859	4871
766632016	4894	4905
766632016	5109	5144
766632016	5569	5583
766632016	5863	5872
766632016	4972	4983
766632016	1925	1969
766632016	455	470
766632016	564	590
766632016	1679	1711
766632016	2584	2601
766632016	3535	3553
766632016	5425	5456
766632016	2060	2180
766632016	249	366
766632016	1294	1402
766632016	4091	4184
766632016	5602	5736
766632016	5743	5861
