780619695	1538	1554
780619695	1728	1744
780619695	2018	2034
780619695	2245	2261
780619695	2838	2854
780619695	3066	3082
780619695	44	62
780619695	3735	3740
780619695	6301	6314
780619695	1321	1337
780619695	1935	1959
780619695	4123	4129
780619695	137	148
780619695	149	160
780619695	162	168
780619695	174	183
780619695	120	136
780619695	1245	1262
780619695	1770	1794
780619695	2318	2325
780619695	2329	2338
780619695	2343	2359
780619695	3207	3224
780619695	3933	3941
780619695	4212	4229
780619695	4298	4309
780619695	4504	4513
780619695	4696	4736
780619695	4856	4874
780619695	5547	5553
780619695	5985	6015
780619695	6232	6251
