737194975	93	115
737194975	1763	1775
737194975	6010	6034
737194975	12531	12562
737194975	28	48
737194975	339	355
737194975	600	675
737194975	1142	1192
737194975	1431	1439
737194975	4807	4937
737194975	5409	5449
737194975	5451	5630
737194975	5816	5818
737194975	6035	6319
737194975	7007	7014
737194975	7504	7507
737194975	7944	7967
737194975	9260	9276
737194975	11088	11127
737194975	11129	11152
737194975	12052	12201
737194975	12580	12606
737194975	12782	12797
737194975	13117	13120
737194975	12967	12970
737194975	13289	13308
737194975	10	25
737194975	14080	14082
737194975	14486	14493
737194975	7210	7364
737194975	2409	2429
737194975	6321	6456
737194975	6670	6817
737194975	7712	7855
737194975	9871	9883
737194975	10692	10784
737194975	11347	11359
737194975	11525	11529
737194975	11763	11862
737194975	11983	11995
737194975	12851	12891
737194975	14288	14313
