703698295	5829	5877
703698295	5917	5958
703698295	8483	8503
703698295	320	353
703698295	2687	2722
703698295	2792	2808
703698295	2818	2850
703698295	3183	3200
703698295	4571	4597
703698295	4797	4815
703698295	6647	6657
703698295	7231	7261
703698295	7641	7660
703698295	8634	8734
703698295	9765	9961
703698295	12626	12642
703698295	822	941
703698295	1633	1702
703698295	1805	1819
703698295	2073	2088
703698295	2285	2298
703698295	4687	4739
703698295	7719	7741
703698295	8006	8060
703698295	8954	8976
703698295	10166	10229
703698295	10820	10828
