790483991	710	728
790483991	5439	5564
790483991	1457	1487
790483991	5725	6014
790483991	9520	9593
790483991	354	431
790483991	919	944
790483991	1056	1230
790483991	1323	1364
790483991	1375	1400
790483991	1517	1612
790483991	2070	2192
790483991	3626	3696
790483991	3742	3961
790483991	4083	4117
790483991	4947	4961
790483991	5654	5675
790483991	6212	6281
790483991	6016	6191
790483991	6988	7139
790483991	7413	7594
790483991	8298	8326
790483991	8985	9026
790483991	9064	9214
790483991	9616	9982
790483991	1784	1912
790483991	7141	7331
790483991	8170	8296
