759478604	35	46
759478604	1312	1323
759478604	1696	1704
759478604	8701	8707
759478604	12527	12534
759478604	14664	14676
759478604	12783	12825
759478604	244	264
759478604	1407	1414
759478604	1746	1757
759478604	2451	2548
759478604	4303	4386
759478604	5052	5083
759478604	9407	9420
759478604	9832	9859
759478604	10856	10866
759478604	10752	10759
759478604	12559	12579
759478604	13700	13717
759478604	2551	2581
759478604	2609	2640
759478604	8430	8438
759478604	11614	11639
759478604	12165	12190
759478604	14704	14729
