780414700	2944	2962
780414700	2964	2974
780414700	3011	3021
780414700	3051	3061
780414700	3177	3187
780414700	13333	13358
780414700	14442	14467
780414700	16466	16470
780414700	16519	16523
780414700	16549	16553
780414700	3591	3599
780414700	5135	5138
780414700	14823	14844
780414700	8867	8878
780414700	7243	7257
780414700	1338	1615
780414700	3233	3317
780414700	2997	3009
780414700	3485	3494
780414700	4363	4517
780414700	8883	8903
780414700	8935	8952
780414700	9661	9717
780414700	9794	9804
780414700	9815	9842
780414700	13309	13331
780414700	13520	13530
780414700	1361	1404
780414700	1740	2022
780414700	3373	3388
780414700	9347	9401
780414700	17788	17830
780414700	1653	1691
780414700	17440	17457
780414700	483	504
780414700	866	887
780414700	926	961
780414700	6315	6393
780414700	6561	6601
780414700	14986	15028
780414700	16614	16639
780414700	17980	18035
780414700	572	654
780414700	1698	1738
780414700	1971	1981
780414700	726	735
780414700	1304	1325
780414700	2060	2284
780414700	7820	7867
780414700	7877	7917
780414700	300	319
780414700	5425	5738
780414700	7410	7450
780414700	10905	10959
780414700	10993	11030
780414700	11035	11072
780414700	13920	13988
780414700	2286	2330
780414700	18812	18834
780414700	9113	9135
780414700	1852	1943
780414700	3534	3578
780414700	8632	8678
780414700	4907	5047
780414700	5821	5941
780414700	15632	15697
780414700	1192	1265
780414700	5145	5206
780414700	6832	6905
780414700	7580	7638
780414700	10488	10673
780414700	17034	17229
