762546428	371	383
762546428	965	981
762546428	3326	3341
762546428	76	84
762546428	110	122
762546428	274	280
762546428	1172	1180
762546428	1391	1398
762546428	3091	3099
762546428	3238	3251
762546428	3273	3284
762546428	1230	1239
762546428	1284	1296
762546428	2153	2161
762546428	2420	2427
762546428	1727	1734
762546428	309	318
762546428	248	262
762546428	1301	1315
762546428	2580	2594
762546428	333	341
762546428	1158	1166
762546428	1247	1265
762546428	2652	2713
762546428	2890	2943
762546428	692	700
762546428	3288	3299
762546428	185	211
