761674108	2560	2574
761674108	3771	3781
761674108	3803	3812
761674108	539	585
761674108	698	716
761674108	906	947
761674108	975	993
761674108	1041	1070
761674108	1125	1133
761674108	1153	1182
761674108	1396	1404
761674108	1527	1543
761674108	1549	1615
761674108	1690	1723
761674108	1902	1960
761674108	2267	2292
761674108	2478	2487
761674108	2880	2888
761674108	2892	2899
761674108	3038	3047
761674108	3286	3295
761674108	3300	3306
761674108	3319	3330
761674108	3465	3473
761674108	3479	3513
761674108	3674	3681
761674108	4236	4244
761674108	4097	4235
761674108	4529	4664
761674108	4666	4715
761674108	4725	4749
761674108	2138	2148
761674108	2424	2451
761674108	2489	2517
761674108	2519	2544
761674108	2630	2660
761674108	3578	3626
761674108	3522	3530
761674108	4083	4095
