701225819	177	187
701225819	2689	2694
701225819	2787	2792
701225819	2982	2991
701225819	77	99
701225819	996	1019
701225819	2174	2182
701225819	2747	2752
701225819	3787	3804
701225819	3837	3860
701225819	4606	4636
701225819	4720	4739
701225819	111	143
701225819	305	313
701225819	1201	1299
701225819	1493	1605
701225819	1572	1583
701225819	1767	1771
701225819	2616	2621
701225819	3309	3315
701225819	4268	4313
701225819	5914	5927
701225819	6102	6112
701225819	1872	1889
701225819	1967	1987
701225819	2798	2811
