999001619	8322	8539
999001619	11633	12081
999001619	12848	13150
999001619	1522	1544
999001619	4811	5022
999001619	7358	7699
999001619	10692	11116
999001619	11373	11600
999001619	8992	9182
999001619	13296	13408
999001619	13960	14071
999001619	17	29
999001619	164	189
999001619	235	540
999001619	428	540
999001619	542	815
999001619	1072	1471
999001619	2005	2013
999001619	2523	2591
999001619	3558	3571
999001619	3625	3833
999001619	4067	4253
999001619	4633	4641
999001619	4790	4809
999001619	5229	5425
999001619	5452	5475
999001619	5603	5611
999001619	5900	5908
999001619	5911	6223
999001619	6225	6517
999001619	6519	6893
999001619	6895	7094
999001619	7730	7943
999001619	8140	8161
999001619	8258	8319
999001619	8542	8609
999001619	8612	8882
999001619	8701	8717
999001619	8763	8785
999001619	8901	8916
999001619	9355	9384
999001619	9697	9902
999001619	9904	10373
999001619	10211	10233
999001619	10400	10690
999001619	10748	10857
999001619	10990	11043
999001619	11057	11116
999001619	11118	11371
999001619	11674	11689
999001619	11752	11851
999001619	12083	12537
999001619	12245	12262
999001619	12476	12537
999001619	12539	12845
999001619	13410	13637
999001619	13639	13958
999001619	14150	14173
999001619	14126	14141
999001619	14251	14285
999001619	14371	14434
999001619	14497	14545
999001619	14571	14689
999001619	14820	14844
999001619	818	864
