729578579	645	742
729578579	6851	6898
729578579	16495	16517
729578579	18426	18473
729578579	21886	21905
729578579	225	260
729578579	368	403
729578579	604	636
729578579	1794	1861
729578579	3538	3671
729578579	6929	6946
729578579	7133	7153
729578579	7731	7744
729578579	13378	13403
729578579	14278	14294
729578579	16987	17002
729578579	18738	18761
729578579	18932	18958
729578579	19546	19578
729578579	21375	21389
729578579	21538	21553
729578579	21766	21785
729578579	22024	22037
729578579	22774	22811
729578579	23321	23414
729578579	23700	23714
729578579	23757	23780
729578579	23823	23867
729578579	24443	24488
729578579	421	428
729578579	509	513
729578579	1090	1106
729578579	6046	6058
729578579	7201	7218
729578579	8306	8314
729578579	8907	8922
729578579	9194	9218
729578579	13405	13432
729578579	13500	13507
729578579	13997	14021
729578579	14627	14644
729578579	14809	14822
729578579	15614	15630
729578579	17741	17758
729578579	18366	18386
729578579	18656	18706
729578579	19054	19073
729578579	19377	19401
729578579	19466	19544
729578579	21304	21337
729578579	22303	22521
729578579	22719	22752
729578579	24898	24905
729578579	25127	25146
729578579	26581	26625
