701837665	803	833
701837665	1806	1828
701837665	1364	1449
701837665	5040	5084
701837665	7193	7357
701837665	8276	8312
701837665	9299	9329
701837665	10112	10206
701837665	10208	10227
701837665	761	801
701837665	1829	2008
701837665	2534	2575
701837665	2618	2726
701837665	2792	2940
701837665	3251	3423
701837665	3510	3534
701837665	3824	3883
701837665	3958	4067
701837665	5821	5840
701837665	6697	6873
701837665	7401	7455
701837665	7727	7747
701837665	7785	7841
701837665	7529	7666
701837665	8115	8155
701837665	8453	8556
701837665	9331	9372
701837665	9425	9433
701837665	9471	9500
701837665	9741	9756
701837665	9780	9814
701837665	10090	10111
701837665	10802	10972
701837665	11844	11915
701837665	11964	12007
701837665	12031	12047
701837665	12178	12197
701837665	12594	12665
701837665	2456	2470
701837665	2740	2762
701837665	2942	2991
701837665	12381	12476
