776049384	618	632
776049384	2199	2232
776049384	10722	10735
776049384	9139	9151
776049384	213	219
776049384	1069	1080
776049384	1158	1169
776049384	1302	1313
776049384	1401	1412
776049384	1510	1521
776049384	1648	1659
776049384	1730	1741
776049384	1968	1979
776049384	2047	2058
776049384	4242	4253
776049384	493	501
776049384	1442	1450
776049384	1552	1560
776049384	1692	1700
776049384	1928	1936
776049384	2014	2022
776049384	2079	2087
776049384	5626	5634
776049384	2165	2173
776049384	2406	2416
776049384	3569	3579
776049384	3660	3666
776049384	4068	4072
776049384	4597	4608
776049384	5708	5730
776049384	10077	10084
776049384	10637	10672
776049384	10674	10720
776049384	62	87
776049384	158	178
776049384	2292	2309
776049384	2330	2347
776049384	3211	3235
776049384	3764	3772
776049384	4470	4486
776049384	5003	5046
776049384	6079	6086
776049384	7146	7169
776049384	8954	8962
776049384	9089	9097
776049384	10215	10228
776049384	10276	10313
