770156173	4682	4692
770156173	4814	4832
770156173	6056	6072
770156173	2469	2498
770156173	5920	5936
770156173	34	47
770156173	1021	1029
770156173	2158	2164
770156173	4758	4781
770156173	5254	5261
770156173	5645	5652
770156173	1556	1738
770156173	1616	1623
770156173	1919	1938
770156173	2094	2117
770156173	2330	2348
770156173	2819	2827
770156173	3012	3018
770156173	3266	3280
770156173	3692	3737
770156173	4523	4531
770156173	4835	4929
770156173	5330	5340
770156173	0	18
770156173	1106	1184
770156173	1740	1836
770156173	2934	2989
770156173	3970	3985
770156173	3991	4004
