789615291	1758	1766
789615291	2003	2030
789615291	3150	3163
789615291	3372	3415
789615291	6456	6477
789615291	6965	6982
789615291	8200	8232
789615291	9008	9032
789615291	9044	9079
789615291	9866	9892
789615291	11856	11871
789615291	13487	13554
789615291	465	491
789615291	647	980
789615291	1057	1065
789615291	1868	1878
789615291	2036	2044
789615291	2056	2065
789615291	2196	2204
789615291	2489	2507
789615291	4399	4416
789615291	5610	5629
789615291	6207	6230
789615291	6351	6388
789615291	6697	6721
789615291	6481	6566
789615291	7520	7554
789615291	7787	7795
789615291	8987	8995
789615291	9166	9230
789615291	9370	9506
789615291	9597	9612
789615291	9629	9645
789615291	10107	10115
789615291	10488	10508
789615291	11050	11058
789615291	11556	11592
789615291	11639	11657
789615291	11800	11815
789615291	12154	12187
789615291	12217	12238
789615291	12449	12499
789615291	12729	12778
789615291	12986	12993
789615291	13260	13268
789615291	13598	13616
789615291	13740	13759
789615291	3829	3905
789615291	11179	11219
789615291	12040	12094
789615291	12848	12853
