786527921	827	898
786527921	2176	2238
786527921	2415	2440
786527921	10665	10684
786527921	10713	10737
786527921	11260	11284
786527921	11294	11311
786527921	12164	12267
786527921	12385	12404
786527921	16221	16253
786527921	16530	16544
786527921	5622	5643
786527921	10496	10512
786527921	12974	13022
786527921	1	16
786527921	259	300
786527921	729	736
786527921	1281	1329
786527921	1465	1480
786527921	1881	1904
786527921	1955	2170
786527921	2753	2765
786527921	3033	3065
786527921	5134	5376
786527921	5787	5810
786527921	6132	6149
786527921	6683	6695
786527921	6880	6908
786527921	7032	7051
786527921	7482	7583
786527921	7598	7633
786527921	8403	8449
786527921	8548	8566
786527921	7747	7771
786527921	8838	8856
786527921	8903	8923
786527921	9063	9078
786527921	9859	9869
786527921	9942	10004
786527921	10254	10267
786527921	10920	10973
786527921	11506	11530
786527921	12856	12878
786527921	13029	13062
786527921	13191	13235
786527921	13589	13733
786527921	13931	13982
786527921	14062	14097
786527921	14488	14500
786527921	14505	14550
786527921	14918	14942
786527921	15077	15112
786527921	16017	16053
786527921	16104	16121
786527921	16130	16177
786527921	16804	16827
786527921	16846	16868
786527921	16919	16949
786527921	8099	8114
786527921	14149	14328
