721890296	1322	1337
721890296	2109	2257
721890296	5173	5238
721890296	4429	4451
721890296	48	87
721890296	168	183
721890296	260	275
721890296	883	898
721890296	3895	3910
721890296	4486	4501
721890296	4661	4676
721890296	4764	4779
721890296	1825	1854
721890296	2934	2986
721890296	3053	3061
721890296	3427	3477
721890296	3501	3539
721890296	5013	5164
721890296	5165	5172
721890296	759	790
721890296	4122	4385
721890296	25	46
721890296	560	579
721890296	2091	2105
721890296	2456	2567
721890296	2817	2860
721890296	3616	3643
721890296	3541	3614
721890296	3645	3662
721890296	3682	3702
721890296	3914	3947
721890296	4020	4064
721890296	4900	4918
721890296	4923	5011
