761546223	37	45
761546223	269	280
761546223	1583	1595
761546223	3450	3457
761546223	203	246
761546223	607	614
761546223	716	726
761546223	839	846
761546223	1788	1797
761546223	158	171
761546223	513	526
761546223	483	496
761546223	688	701
761546223	1989	1999
761546223	2556	2569
761546223	4012	4025
761546223	4627	4640
761546223	2949	2962
761546223	3235	3248
761546223	3422	3435
761546223	2631	2653
761546223	4484	4506
761546223	388	397
761546223	406	415
761546223	441	449
761546223	4169	4180
761546223	3272	3286
761546223	4271	4284
761546223	72	85
