782086447	7126	7137
782086447	19791	19802
782086447	6339	6345
782086447	7117	7124
782086447	19751	19771
782086447	40294	40304
782086447	21756	21769
782086447	21780	21787
782086447	29196	29217
782086447	39495	39511
782086447	117	123
782086447	247	257
782086447	2005	2015
782086447	2228	2240
782086447	2645	2664
782086447	10594	10610
782086447	10932	10958
782086447	11592	11602
782086447	21957	21965
782086447	26848	26858
782086447	30672	30678
782086447	40268	40286
782086447	41236	41243
782086447	913	979
782086447	2346	2356
782086447	2676	2693
782086447	2897	2904
782086447	5039	5063
782086447	8923	8930
782086447	13636	13650
782086447	24320	24330
782086447	30487	30500
782086447	30891	30913
782086447	35346	35355
782086447	37049	37059
782086447	37308	37323
782086447	38123	38138
782086447	38139	38155
782086447	39477	39493
782086447	40148	40164
782086447	40423	40429
782086447	42861	42872
782086447	42927	42938
