715588833	624	681
715588833	2437	2464
715588833	7098	7129
715588833	7155	7185
715588833	8643	8940
715588833	10678	10918
715588833	0	17
715588833	412	499
715588833	1046	1074
715588833	1753	1770
715588833	2061	2160
715588833	2622	2773
715588833	6660	6744
715588833	7638	7734
715588833	7829	7855
715588833	7857	7909
715588833	8548	8641
715588833	8479	8546
715588833	9232	9268
715588833	9456	9504
715588833	9836	10048
715588833	11273	11388
715588833	11390	11426
715588833	11846	12085
715588833	11575	11844
