764609985	7112	7118
764609985	7224	7235
764609985	675	694
764609985	6332	6366
764609985	5496	5541
764609985	5513	5522
764609985	8747	8765
764609985	10403	10413
764609985	288	296
764609985	500	507
764609985	1681	1685
764609985	2352	2362
764609985	2463	2471
764609985	2550	2764
764609985	2992	3003
764609985	3574	3578
764609985	3701	3707
764609985	4675	4681
764609985	4924	4933
764609985	5891	6090
764609985	8497	8514
764609985	10188	10225
764609985	7247	7251
764609985	8701	8718
764609985	11038	11048
