700551604	5659	5818
700551604	1881	2028
700551604	2735	2776
700551604	3068	3179
700551604	3209	3232
700551604	3383	3403
700551604	5322	5341
700551604	6897	6915
700551604	1657	1686
700551604	2034	2149
700551604	2566	2610
700551604	2830	2880
700551604	2894	2954
700551604	3326	3364
700551604	4462	4524
700551604	4686	4698
700551604	5977	6095
700551604	7425	7512
700551604	7547	7629
700551604	7694	7798
700551604	8615	8671
700551604	8924	8977
700551604	9219	9324
700551604	3698	3735
700551604	5343	5410
