999001621	88	156
999001621	3577	3663
999001621	4139	4315
999001621	4498	4527
999001621	4529	5328
999001621	5089	5131
999001621	8795	9138
999001621	11969	12058
999001621	3234	3251
999001621	3926	4137
999001621	7442	7747
999001621	8213	8374
999001621	8377	8738
999001621	10904	10929
999001621	5890	5902
999001621	9006	9057
999001621	0	68
999001621	279	599
999001621	467	501
999001621	537	560
999001621	769	783
999001621	1332	1603
999001621	2747	2771
999001621	3435	3575
999001621	4461	4493
999001621	4788	4853
999001621	5159	5170
999001621	5330	5611
999001621	6817	6841
999001621	7085	7091
999001621	7979	7999
999001621	8861	8909
999001621	9679	9859
999001621	9861	10096
999001621	9140	9474
999001621	10098	10408
999001621	10177	10185
999001621	10536	10541
999001621	10543	10755
999001621	10775	10855
999001621	10931	11012
999001621	11539	11664
999001621	11631	11640
999001621	12099	12112
999001621	12138	12184
999001621	12187	12265
999001621	9664	9677
999001621	601	701
