766942310	545	564
766942310	569	577
766942310	1823	1829
766942310	2081	2125
766942310	4373	4388
766942310	1797	1806
766942310	85	94
766942310	345	363
766942310	374	384
766942310	621	635
766942310	1234	1242
766942310	1385	1393
766942310	1410	1426
766942310	1581	1611
766942310	1439	1453
766942310	1724	1739
766942310	1776	1785
766942310	1838	1849
766942310	1932	1939
766942310	2061	2068
766942310	2161	2165
766942310	2130	2159
766942310	2881	2899
766942310	3330	3348
766942310	3845	3862
766942310	3864	3874
766942310	3888	3892
766942310	3960	3976
766942310	4188	4205
766942310	757	775
766942310	1712	1720
