788056108	235	279
788056108	587	636
788056108	979	1012
788056108	2930	3059
788056108	4632	4680
788056108	4780	4804
788056108	15142	15456
788056108	60	76
788056108	818	860
788056108	5941	5977
788056108	14028	14312
788056108	15683	15829
788056108	183	201
788056108	364	393
788056108	694	731
788056108	763	787
788056108	1110	1133
788056108	1144	1174
788056108	1338	1405
788056108	1407	1640
788056108	1946	1965
788056108	2058	2139
788056108	2142	2479
788056108	2482	2701
788056108	2768	2923
788056108	3243	3274
788056108	3490	3623
788056108	3765	3783
788056108	4187	4202
788056108	4716	4733
788056108	5537	5636
788056108	6680	6851
788056108	6875	6898
788056108	7174	7199
788056108	7226	7254
788056108	7337	7382
788056108	7755	7832
788056108	8012	8070
788056108	8936	8962
788056108	10272	10297
788056108	10440	10465
788056108	10603	10746
788056108	10760	10914
788056108	11123	11255
788056108	11957	11980
788056108	12155	12167
788056108	12176	12222
788056108	12547	13082
788056108	13084	13617
788056108	14365	14417
788056108	14419	14785
788056108	15317	15352
788056108	15895	16016
788056108	16028	16077
788056108	16357	16533
788056108	16939	17166
788056108	17271	17330
788056108	17169	17184
788056108	17355	17391
788056108	17392	17427
788056108	17512	17805
788056108	17917	17969
788056108	92	99
788056108	3625	3710
