788173482	1025	1088
788173482	2140	2188
788173482	5113	5130
788173482	5731	5754
788173482	7619	7636
788173482	1780	1794
788173482	3326	3349
788173482	5333	5484
788173482	9	32
788173482	500	510
788173482	534	586
788173482	780	818
788173482	1177	1197
788173482	1269	1295
788173482	1371	1403
788173482	1507	1533
788173482	1605	1702
788173482	1827	1842
788173482	2048	2078
788173482	2228	2280
788173482	2356	2376
788173482	2498	2523
788173482	2944	3003
788173482	3160	3177
788173482	3402	3435
788173482	2308	2345
788173482	4460	4480
788173482	4610	4684
788173482	4846	4900
788173482	4926	4960
788173482	7906	7917
788173482	7846	7852
788173482	7970	8005
788173482	598	655
