785801366	1622	1644
785801366	2830	2853
785801366	3939	4427
785801366	4563	4568
785801366	7108	7131
785801366	8174	8192
785801366	8212	8241
785801366	8977	9022
785801366	4570	4710
785801366	178	205
785801366	234	245
785801366	502	525
785801366	543	559
785801366	756	791
785801366	830	869
785801366	1532	1545
785801366	1683	1868
785801366	1919	2050
785801366	2078	2107
785801366	2158	2185
785801366	2267	2291
785801366	2441	2468
785801366	2470	2703
785801366	2595	2605
785801366	2609	2661
785801366	2757	2775
785801366	2855	2941
785801366	2978	3024
785801366	3332	3371
785801366	3435	3609
785801366	3636	3662
785801366	3738	3760
785801366	3716	3725
785801366	3828	3837
785801366	4966	4999
785801366	5275	5286
785801366	5645	5658
785801366	5765	5772
785801366	5990	6001
785801366	6434	6461
785801366	6549	6588
785801366	6717	6726
785801366	6629	6655
785801366	7162	7179
785801366	7501	7576
785801366	7600	7632
785801366	7722	7773
785801366	7812	7832
785801366	7892	7927
785801366	8385	8432
785801366	8736	8753
785801366	8780	8788
785801366	8823	8862
785801366	8892	8912
785801366	8926	8950
785801366	9054	9078
785801366	9082	9102
785801366	9122	9129
785801366	2198	2226
785801366	2230	2258
785801366	2948	2976
785801366	3686	3714
