786731884	1559	1626
786731884	1733	1788
786731884	2238	2379
786731884	4240	4258
786731884	4441	4499
786731884	3649	3693
786731884	3996	4079
786731884	30	44
786731884	218	237
786731884	249	285
786731884	322	341
786731884	369	392
786731884	430	473
786731884	513	534
786731884	714	729
786731884	862	876
786731884	926	945
786731884	957	993
786731884	1459	1482
786731884	1670	1693
786731884	2091	2136
786731884	2443	2459
786731884	2462	2574
786731884	2501	2519
786731884	2714	2758
786731884	2775	2795
786731884	2799	2819
786731884	2822	2915
786731884	3041	3051
786731884	3121	3141
786731884	3150	3165
786731884	4278	4299
786731884	4803	4825
786731884	4847	4855
786731884	4890	4929
786731884	4082	4169
